3,23,3,24,1002,24,10,24,1002,23,-1,23,101,5,23,23,1,24,23,23,4,23,99,0,0


3,15,3,16,1002,16,10,16,1,16,15,15,4,15,99,0,0
17 liczb, indeksy 0-16



3,15,3,16,1002,16,10,16,1,16,15,15,4,15,99,0,0 
input => 0
3,15,3,16,1002,16,10,16,1,16,15,15,4,15,99,0,0 

3,15,3,16, 1002,16,10,16,1,16,15,15,4,15,99,0,0

3,15,3,16,1002,16,10,16, 1,16,15,15,4,15,99,0,0

--3,15,3,16,1002,16,10,16,1,16,15,15, 4,15,99,55,5

output => 



3,15,3,16,1002,16,10,16,1,16,15,15,4,15,99,0,0 
input => 3
3,15,3,16,1002,16,10,16,1,16,15,15,4,15,99,3,3

3,15,3,16,1002,16,10,16,1,16,15,15,4,15,99,30,3

output => 33